Array size: 1000000
Sequential: 21.696 ms, max_diff=1998828
Library (seq):        28.302 ms
Library (par):        22.898 ms
Library (par_unseq):  14.543 ms
Hardware threads: 18
K       Time(ms)        Speedup
1       25.894  0.838
2       13.045  1.663
3       12.186  1.780
4       9.180   2.364
5       9.702   2.236
6       9.712   2.234
7       8.864   2.448
8       6.626   3.274
9       9.709   2.235
10      7.553   2.873
11      6.521   3.327
12      6.453   3.362
13      7.693   2.820
14      6.987   3.105
15      5.776   3.756
16      7.680   2.825
17      6.400   3.390
18      6.658   3.259
19      6.792   3.195
20      4.839   4.483
21      4.922   4.408
22      4.938   4.394
23      4.828   4.494
24      6.279   3.455
25      5.267   4.120
26      6.085   3.566
27      5.261   4.124
28      6.432   3.373
29      6.533   3.321
30      6.839   3.172
31      5.256   4.127
32      6.317   3.435
33      5.158   4.206
34      5.366   4.043
35      4.596   4.720
36      4.907   4.422
Best K=35, time=4.596 ms, ratio=35/18
-------------------------------------------

Array size: 5000000
Sequential: 115.527 ms, max_diff=1999499
Library (seq):        108.579 ms
Library (par):        65.722 ms
Library (par_unseq):  67.388 ms
Hardware threads: 18
K       Time(ms)        Speedup
1       104.422 1.106
2       65.287  1.770
3       47.874  2.413
4       33.628  3.435
5       30.343  3.807
6       29.057  3.976
7       25.108  4.601
8       25.523  4.526
9       24.028  4.808
10      21.854  5.286
11      18.839  6.132
12      15.693  7.362
13      17.837  6.477
14      19.251  6.001
15      17.543  6.585
16      18.067  6.394
17      17.219  6.709
18      17.364  6.653
19      17.632  6.552
20      16.533  6.988
21      16.416  7.037
22      17.153  6.735
23      17.505  6.600
24      15.304  7.549
25      16.744  6.900
26      16.751  6.897
27      16.311  7.083
28      17.710  6.523
29      15.633  7.390
30      15.760  7.330
31      15.657  7.379
32      16.158  7.150
33      16.449  7.023
34      15.252  7.575
35      16.447  7.024
36      17.504  6.600
Best K=34, time=15.252 ms, ratio=34/18
-------------------------------------------
